$ 1 0.0000049999999999999996 382.76258214399064 99 5 43 5e-11
r -464 720 -464 832 0 100000000
w -464 832 -512 832 0
w -512 832 -560 832 0
g -512 848 -512 864 0 0
w -560 720 -512 720 0
w -464 720 -512 720 0
370 -352 112 -352 208 3 0 0
207 -512 720 -512 752 4 Soma\sVm
w -512 848 -512 832 0
r -352 576 -352 400 0 20008000
c -256 416 -352 400 4 3e-12 -0.003130918594113579 0.001 0.1
g -576 576 -608 576 0 0
s -208 416 -160 416 0 0 false
b -673 608 -109 777 0
x -660 799 -587 802 4 14 Outside\scell
x -658 763 -596 766 4 14 Inside\scell
x -523 450 -415 453 4 35 Pipette
x -289 387 -133 390 4 14 Pipette\sCapacitance\s(Cp)
x -661 648 -547 651 4 35 Neuron
x -221 -14 4 -11 4 24 Voltage\sClamp\scircuit
c -560 720 -560 832 4 1.5e-10 0.0031303665268714626 0.001 0.1
R -848 704 -896 704 0 0 40 0.04 0 0 0.5
w -688 720 -560 720 0
a -176 128 -64 128 8 15 -15 1000000 1.22967022e-315 1.22969481e-315 100000
r -64 64 -176 64 0 500000000
w -64 64 -64 128 0
w -176 144 -176 192 0
i -896 736 -848 736 0 1e-9
S -800 720 -848 720 0 1 false 0 2
g -896 736 -912 736 0 0
w -352 208 -352 400 0
r -384 576 -512 576 0 1000000000
x -523 595 -394 598 4 14 R_seal\s(leak\scurrent)
x -778 -453 -609 -450 4 35 Headstage
b -1104 -493 308 236 0
w -800 720 -768 720 0
s -768 720 -688 720 0 1 true
w -176 64 -176 112 0
s -304 112 -224 112 4 1 false VC/CC\sswitch
s 32 -256 144 -256 4 0 false VC/CC\sswitch
x -342 -103 -268 -100 4 14 R_feedback
w -176 192 384 192 0
a -224 -192 -320 -192 8 15 -15 1000000 -3.130171913146629e-8 0 100000
a -64 -208 -160 -208 8 15 -15 1000000 3.130234516584892e-8 0 100000
r -160 -208 -224 -208 0 1000
r -64 -256 -160 -256 0 1000
w -160 -208 -160 -256 0
w -64 -224 -64 -256 0
w -224 -208 -224 -240 0
w -320 -240 -320 -192 0
r 32 -256 -32 -256 0 1000
r 32 -192 -32 -192 0 1000
g -224 -176 -224 -160 0 0
g -64 -192 -64 -160 0 0
w -320 -192 -352 -192 0
x -360 -429 -135 -426 4 24 Current\sClamp\scircuit
x -320 -292 -198 -270 4 16 Inverter\s\\nOut\s\q\sVcmd\s\p\sVp
x -175 -305 -33 -283 4 16 Summing\scircuit\s\\nOut\s\q\s–(Vcmd\s\p\sVp)
w -32 -256 -64 -224 0
w -32 -192 -64 -224 0
b -375 -469 285 -92 0
b -235 -42 57 207 0
x -605 -7 -488 53 4 16 Voltage\sfollower\s\\n(to\srecord\sVp\s\\nvoltage\swithout\s\\naffecting\scircuit)
R 560 496 560 528 0 0 40 0 0 0 0.5
x 423 572 573 594 4 16 Command\s(Vcmd)\s\\n(for\sboth\sCC\sand\sVC)
R 416 496 416 528 4 5 10 0.1 0 0 0.5
S 496 400 496 480 0 3 false 0 4
x -107 -445 264 -350 4 20 This\scircuit\soutputs\sa\sconstant\scurrent\s\\nI\s\q\sRf\s/\sVcmd\s\\nThe\sop-amps\scorrect\sfor\schanging\spipette\s\\nvoltage\sby\sadding\sVp\sto\sVcmd\sso\sthat\sthe\s\\nvoltage\sdifference\sremains\sconstant
w -224 112 -176 112 0
s 496 -32 496 -96 4 0 false VC/CC\sswitch
p 1728 -128 1840 -128 3 0 0 10000000
g 1840 -128 1856 -128 0 0
x 1747 -92 1878 -70 4 16 Recorded\sVoltage\s\\n(V_pipette)
r -432 720 -336 720 0 100000000
c -304 720 -304 832 4 5e-11 0.0034669248543549008 0.001 0.1
w -256 848 -256 832 0
g -256 848 -256 864 0 0
w -256 832 -304 832 0
w -208 832 -256 832 0
r -208 720 -208 832 0 500000000
x -546 704 -484 707 4 24 Soma
x -289 707 -199 710 4 24 Dendrite
w -304 720 -256 720 0
w -256 720 -208 720 0
S -384 640 -384 672 0 1 false 0 2
w -400 672 -464 672 0
w -464 672 -464 720 0
w -368 672 -304 672 0
w -304 672 -304 720 0
207 -256 720 -256 752 4 Dend\sVm
s -144 720 -64 720 0 1 true
w -32 720 -64 720 0
g 64 736 80 736 0 0
S -32 720 16 720 0 1 false 0 2
i 64 736 16 736 0 1e-10
R 16 704 64 704 0 0 40 0.04 0 0 0.5
w -208 720 -144 720 0
x -865 677 -752 680 4 24 Synapse\s1
x -60 668 53 671 4 24 Synapse\s2
r -352 -160 -352 -96 0 500000000
x -156 86 -82 89 4 14 R_feedback
x 25 -231 44 -228 4 16 Vp
x 27 -172 67 -169 4 16 Vcmd
x -221 168 -181 171 4 16 Vcmd
x -509 -69 -437 -47 4 16 V_pipette\s\\n(Vp)
x -805 886 -723 889 4 16 Resting\sVm
r -224 -240 -320 -240 0 1000
w -352 -96 -352 112 0
x 958 -415 1290 -412 4 24 CClamp:\sBridge\sBalance\scircuit
s 752 -480 800 -480 4 1 false Bridge\sBalance
s 160 400 240 400 4 0 false Bridge\sBalance
s 160 496 240 496 4 1 false VC/CC\sswitch
g -704 896 -704 912 0 0
i -704 896 -704 832 0 -7.5e-10
w -704 832 -704 752 0
i -336 928 -336 864 0 -6.5e-10
g -336 928 -336 944 0 0
x -444 931 -362 934 4 16 Resting\sVm
w -464 720 -432 720 0
w -336 720 -304 720 0
w -336 864 -336 784 0
w -352 112 -304 112 0
w 496 -192 32 -192 0
w 496 -32 496 288 0
x 959 -386 1320 -364 4 16 This\scircuit\stakes\sthe\srecorded\spipette\svoltage\s(Vp)\s\\nand\ssubtracts\sVbridge\s\q\sI\s*\sRs\s\q\sVcmd\s*\sRs/Rf
w 496 288 496 400 0
x 86 300 321 372 4 20 \q\q\q\q\q\q\q\q\q\q\q\q\q\q\q\q\q\q\q\q\\nClick\son\sthese\sswitches\sto\s\\nactivate\sdifferent\ssettings\s\\n\q\q\q\q\q\q\q\q\q\q\q\q\q\q\q\q\q\q\q\q
R 512 496 512 528 0 0 40 0.1 0 0 0.5
w 560 496 512 480 0
w 496 480 512 496 0
w 416 496 464 480 0
c -784 128 -848 128 4 3e-12 -0.0031307307433252295 0.001 0
s -608 160 -464 160 4 0 false Cp\scompensation
S 704 416 704 480 0 1 false 1 2
R 720 480 720 512 0 0 40 0 0 0 0.5
R 688 480 688 512 0 0 40 0.1 0 0 0.5
x -991 8 -839 11 4 16 CC\sCp\scompensation
s 160 448 240 448 4 0 false Cp\scompensation
s -576 576 -512 576 0 1 false
R 464 496 464 528 0 0 40 0.2 0 0 0.5
w 480 480 464 496 0
w 896 128 -64 128 0
x -90 152 42 174 4 16 Vout\s\q\sVcmd\s–\sVp\s\\n\q\sVcmd\s–\sI*Rf
x 1057 84 1131 87 4 14 R_feedback
x 1089 61 1203 64 4 16 Scale\sby\s(–1/Rf)
x 1285 81 1406 103 4 16 Inverter\s(remove\s\\nminus\ssign)
a 1296 176 1376 176 8 15 -15 1000000 0 0 100000
r 1296 160 1232 160 0 1
w 1296 160 1296 128 0
w 1376 128 1376 176 0
g 1296 192 1296 224 0 0
r 1376 128 1296 128 0 1
w 1136 144 1136 112 0
w 1232 160 1232 112 0
a 1136 160 1232 160 8 15 -15 1000000 0 0 100000
g 1136 176 1136 224 0 0
r 1232 112 1136 112 0 1
r 1056 112 1136 112 0 500000000
r 960 32 960 96 0 1000
x 898 216 1049 238 4 16 Subtractor\s(remove\s\\ncontribution\sof\sVcmd)
b 758 -44 1418 253 0
x 787 -12 1075 -9 4 24 VClamp:\sunit\sscaling\scircuit
x 1609 172 1825 194 4 16 Recorded\sV-Clamp\sCurrent\s(I)\s\\n(unit\sconversion:\spV\s\q\q\spA)
g 1568 176 1584 176 0 0
p 1456 176 1568 176 3 0 0 10000000
w 1376 176 1456 176 0
a 960 112 1056 112 9 15 -15 1000000 1.229465117e-315 1.22947741e-315 100000
g 960 32 992 32 0 0
r 960 96 896 96 0 1000
r 928 128 928 192 0 1000
w 1056 112 1056 160 0
r 1056 160 960 160 0 1000
w 960 160 960 128 0
w 960 128 928 128 0
g -160 416 -144 416 0 0
x 1174 -19 1322 3 4 16 V_in\s\s\s\q\sVcmd\s–\sI*Rf\s\\nV_out\s\q\sI
s 384 288 384 224 4 1 false VC/CC\sswitch
S -1104 256 -1104 320 0 1 false 1 2
R -1088 320 -1088 352 0 0 40 0 0 0 0.5
R -1120 320 -1120 352 0 0 40 0.2 0 0 0.5
a -928 32 -928 128 9 15 -15 1000000 0.0031302658183040236 0.003130328423620389 100000
w -928 128 -992 128 0
w -992 32 -944 32 0
r -992 32 -992 128 0 1000
r -992 32 -1056 32 0 1000
g -1056 32 -1072 32 0 0
w -480 -32 -736 -32 0
c -64 16 -176 16 4 1e-12 1.22928424e-315 0.001 0
w -64 16 -64 64 0
w -176 16 -176 64 0
r -208 416 -256 416 0 1000000
w -912 32 -736 32 0
x -1080 -12 -786 -9 4 24 Capacitance\sCompensation
w 896 128 896 96 0
a -1200 -256 -1280 -256 9 15 -15 1000000 0 0 100000
w -1200 -272 -1168 -288 0
w -1200 -240 -1168 -224 0
w -352 -192 -352 -160 0
w -1280 -256 -1280 -304 0
r -1200 -208 -1280 -208 0 1000
w -1200 -208 -1168 -224 0
w -1280 -208 -1280 -256 0
c -1248 -16 -1312 -16 4 1.25e-10 0.001 0.001 0
r -1312 -16 -1376 -16 0 20000000
x -308 485 -123 488 4 14 Series/access\sresistance\s(Rs)
423 -362 544 -418 240 0
423 -334 544 -276 235 0
423 -371 544 -427 240 0
423 -325 544 -267 235 0
s 160 544 240 544 4 1 false Rs\scompensation\s(VC)
s -1248 -16 -1168 -16 4 1 false Rs\scompensation\s(VC)
w -352 208 -464 208 0
w -608 160 -784 160 0
R -960 320 -960 352 0 0 40 0.9500000000000001 0 0 0.5
R -928 320 -928 352 0 0 40 0 0 0 0.5
S -944 256 -944 320 0 1 false 1 2
r -848 128 -928 128 0 1000000
g -384 560 -416 560 0 0
x 188 597 216 600 4 14 Bath
x 188 613 318 616 4 14 Patch\s(Cell\sattached)
S -352 576 -384 576 0 0 false 2 3
w -384 592 -384 640 0
S 144 608 176 608 0 0 false 2 3
x 187 630 254 633 4 14 Whole\sCell
x -447 744 -318 747 4 14 Axial\sresistance\s(Ra)
b 659 -606 1975 299 0
x 694 -555 987 -552 4 35 Main\sAmplifier\sUnit
x 1320 -165 1488 -143 4 16 3.\sSubtract\s\\n(remove\sresult\sfrom\sVp)
x 1041 -137 1137 -134 4 14 R_Bridge\s(\qRs)
x 942 -137 1016 -134 4 14 R_feedback
x 1014 -270 1121 -248 4 16 1.\sScale\sVcmd\s\\n\sby\s–(Rs\s/\sRf)
x 1157 -287 1282 -265 4 16 2.\sInvert\s(remove\s\\nminus\ssign)
a 1184 -224 1264 -224 9 15 -15 1000000 0 0 100000
r 1184 -208 1120 -208 0 1000
r 1264 -176 1184 -176 0 1000
w 1024 -160 1024 -192 0
w 1120 -160 1120 -208 0
a 1024 -208 1120 -208 9 15 -15 1000000 -2.117603545018181e-24 0 100000
g 1024 -224 1008 -224 0 0
r 1120 -160 1024 -160 0 20000000.8
r 1024 -160 960 -160 0 500000000
r 1280 -224 1328 -224 0 1000
a 1328 -240 1408 -240 9 15 -15 1000000 0.001565132909152012 0.001565164211810195 100000
g 1184 -240 1168 -240 0 0
w 1264 -224 1264 -176 0
w 1184 -208 1184 -176 0
r 1408 -192 1328 -192 0 1000
w 1408 -240 1408 -192 0
w 1328 -224 1328 -192 0
r 1328 -336 1328 -256 0 1000
r 1328 -256 1280 -256 0 1000
g 1280 -256 1264 -256 0 0
w 1408 -240 1440 -240 0
w 1440 -240 1440 -400 0
a -432 64 -432 -32 9 15 -15 1000000 0.003130328423620389 0.003130359726904625 100000
w -352 112 -416 112 0
w -416 112 -416 64 0
w -448 64 -480 64 0
w -480 64 -480 -32 0
w -480 -32 -432 -32 0
w -432 -32 -432 -336 0
w -432 -480 704 -480 0
w -432 -336 144 -336 0
w 144 -336 144 -256 0
w -432 -336 -432 -480 0
w -464 160 -464 208 0
w -784 160 -784 128 0
w -736 -32 -736 32 0
x -888 49 -869 52 4 16 Vp
x -968 149 -923 152 4 16 2\sx\sVp
x 774 -231 860 -228 4 16 Input\s1\s\q\sVp
x 1450 -288 1612 -247 4 16 Output\s\q\sVp\s–\sI*Rs\s\\n\q\sVp\s–\s(Rs\s/\sRf)*Vcmd\s\\n\q\sVm\s(real)
x 775 -167 883 -164 4 16 Input\s2\s\q\sVcmd
b 933 -450 1625 -105 0
w 752 -224 960 -224 0
w 960 -224 960 -336 0
s 1440 -400 1440 -448 4 0 false Bridge\sBalance
s 704 -224 752 -224 4 0 false Bridge\sBalance
w 1440 -480 1440 -448 0
w 1264 -224 1280 -224 0
w 960 -336 1328 -336 0
w 704 -480 704 -224 0
w 1440 -480 1728 -480 0
w 1728 -480 1728 -128 0
w 960 -480 1440 -480 0
s 704 -160 752 -160 4 0 false Bridge\sBalance
w 752 -160 960 -160 0
w 496 -192 496 -160 0
w 496 288 384 288 0
w 384 192 928 192 0
w 384 192 384 224 0
w 704 -160 496 -160 0
w 496 -96 496 -160 0
w 704 -480 752 -480 0
w 800 -480 960 -480 0
o 6 64 0 12289 0.0001 0.0001 0 2 6 3 Recorded\sCurrent
o 7 64 0 12290 0.016368117847117145 0.0001 1 4 7 3 89 0 89 3 Cell\sVm
o 70 64 0 12290 0.016369059376984296 0.0001 2 1
38 9 F1 0 10000 100000000 -1 Series/Access\sResistance
38 10 F1 0 1e-12 5e-11 -1 Pipette\sCapacitance
